# R0 FC FT NuC NuT gammatot wf Re-star HB-star
1.009989999999999943e+00 2.232385181889803061e+00 9.921172832114727447e-02 2.255686709856882317e+03 1.099211728321147330e+00 4.921751095290686218e-01 2.364924340845322992e-01 2.891512129593623968e+02 1.787991696100655128e-02
2.098979020000000162e+01 4.051748192779468932e-02 7.887250764151289284e-03 8.514534450967021257e+02 1.007887250764151199e+00 2.484615225955383622e+01 6.517887065561406290e-02 8.008625455339540622e+01 2.353890941035707285e-01
4.096959040000000840e+01 2.219937180803454799e-02 5.916075923302984221e-03 9.104991701124830570e+02 1.005916075923303010e+00 4.526305015990482161e+01 5.570899359562456188e-02 6.926373009333525488e+01 3.222176859138884408e-01
6.094939060000000808e+01 1.651320741596001840e-02 5.284108019673013253e-03 1.007469928854164095e+03 1.005284108019673051e+00 6.081715395054036577e+01 5.206856273210621472e-02 6.541853311844344887e+01 3.688491783012010083e-01
8.092919080000000065e+01 1.373114514158830547e-02 4.996509694500648503e-03 1.112250465066093057e+03 1.004996509694500606e+00 7.312521490523019452e+01 5.012487958180415065e-02 6.358926838826769767e+01 3.980093873976835450e-01
1.009089910000000003e+02 1.207359844698614217e-02 4.848895633206153945e-03 1.219334637024538551e+03 1.004848895633206229e+00 8.315870400700390519e+01 4.891429540649593066e-02 6.262666375586518086e+01 4.179539133263661110e-01
1.208887912000000142e+02 1.097183529343861118e-02 4.772371404568827302e-03 1.327371905869291140e+03 1.004772371404568876e+00 9.150842870273672247e+01 4.808880883503051373e-02 6.211861121549141274e+01 4.324261615196752784e-01
1.408685914000000139e+02 1.018748659896796457e-02 4.737260112244556613e-03 1.436096887102993833e+03 1.004737260112244623e+00 9.855597058261479049e+01 4.749119530965824343e-02 6.188045620664841806e+01 4.433776518144925682e-01
1.608483916000000136e+02 9.602772535883229155e-03 4.728717626650958024e-03 1.545590517297470569e+03 1.004728717626651058e+00 1.045613287710625201e+02 4.703976060388598279e-02 6.181721020190517635e+01 4.519285667664825756e-01
1.808281918000000417e+02 9.152640874621777861e-03 4.738535437690743340e-03 1.656055499552626998e+03 1.004738535437690761e+00 1.097095191822127731e+02 4.668775309820365205e-02 6.187519303913504132e+01 4.587689883367808141e-01
2.008079920000000129e+02 8.798150406137759949e-03 4.761841877903980579e-03 1.767738916370508377e+03 1.004761841877904072e+00 1.141368818875031081e+02 4.640644926580043267e-02 6.202195443538259667e+01 4.643477223689283506e-01
2.207877922000000410e+02 8.514530203344927023e-03 4.795596144321392570e-03 1.880904325216743473e+03 1.004795596144321346e+00 1.179467760857125853e+02 4.617721256338065683e-02 6.223688509864341967e+01 4.689694718235152271e-01
2.407675924000000407e+02 8.285261096615018431e-03 4.837833230304590219e-03 1.995822366637381720e+03 1.004837833230304511e+00 1.212193980303506322e+02 4.598741643046524996e-02 6.250641804503817411e+01 4.728484576083359370e-01
2.607473926000000688e+02 8.098906779518542931e-03 4.887256979680632170e-03 2.112768825669923899e+03 1.004887256979680732e+00 1.240181741281302692e+02 4.582819970019246653e-02 6.282140057578600789e+01 4.761397134027504641e-01
2.807271928000000116e+02 7.947309431530014470e-03 4.943007920210638721e-03 2.232025867026385185e+03 1.004943007920210629e+00 1.263940681445937884e+02 4.569315940134793114e-02 6.317557373848696756e+01 4.789582123803194924e-01
3.007069930000000113e+02 7.824509455367119337e-03 5.004524716308442027e-03 2.353884710023513890e+03 1.005004524716308412e+00 1.283885686040317182e+02 4.557755342528501535e-02 6.356465280824792785e+01 4.813910175712519668e-01
3.206867932000000110e+02 7.726071333699000877e-03 5.071458566970284999e-03 2.478649040038380008e+03 1.005071458566970222e+00 1.300358129683811796e+02 4.547779495038253156e-02 6.398575119962125513e+01 4.835052583513028135e-01
3.406665934000000675e+02 7.648648116893271183e-03 5.143618995504212026e-03 2.606638898097355650e+03 1.005143618995504307e+00 1.313641305709376468e+02 4.539112110325230209e-02 6.443700952275834481e+01 4.853535172423183441e-01
3.606463936000000672e+02 7.589691852762979127e-03 5.220939073348736768e-03 2.738194995234271119e+03 1.005220939073348640e+00 1.323971839401422130e+02 4.531536954072931667e-02 6.491735212459846593e+01 4.869775586178110571e-01
3.806261938000000100e+02 7.547256465668418339e-03 5.303453193648084187e-03 2.873683502159810359e+03 1.005303453193648000e+00 1.331548261022849431e+02 4.524882402001811216e-02 6.542632584223882475e+01 4.884109662303602328e-01
4.006059940000000097e+02 7.519861090417723735e-03 5.391283319920221577e-03 3.013501426868716408e+03 1.005391283319920115e+00 1.336537526819159325e+02 4.519010530218359190e-02 6.596399377007783471e+01 4.896810450569718531e-01
4.205857942000000662e+02 7.506394138560979964e-03 5.484631260563609979e-03 3.158082740344895228e+03 1.005484631260563644e+00 1.339080027233339933e+02 4.513809257789772045e-02 6.653086733981810141e+01 4.908102163663234374e-01
4.405655944000000659e+02 7.506045636658859564e-03 5.583775503562547586e-03 3.307905457508137715e+03 1.005583775503562594e+00 1.339293457641491329e+02 4.509186589194753153e-02 6.712786634951179110e+01 4.918170569149822868e-01
4.605453946000000656e+02 7.518259820394895473e-03 5.689071773188615101e-03 3.463499935689092581e+03 1.005689071773188559e+00 1.337275816384677398e+02 4.505066329629837246e-02 6.775630056456286354e+01 4.927170838833023758e-01
4.805251948000000652e+02 7.542702781466517452e-03 5.800956899511929693e-03 3.625458723382700555e+03 1.005800956899511878e+00 1.333107718554340693e+02 4.501384851496638417e-02 6.841786914976121636e+01 4.935233552839232152e-01
5.005049950000000081e+02 7.579241812607512979e-03 5.919955914464082765e-03 3.794448385522913668e+03 1.005919955914464037e+00 1.326854159951858207e+02 4.498088623018032389e-02 6.911467605475760934e+01 4.942469345315402829e-01
5.204847952000000078e+02 7.627934369321407067e-03 6.046692563860328433e-03 3.971223858015293445e+03 1.006046692563860256e+00 1.318565826209642751e+02 4.495132297377166936e-02 6.984926091992281272e+01 4.948972537077487299e-01
5.404645953999998937e+02 7.689025502252685995e-03 6.181903695785227922e-03 4.156646057095279502e+03 1.006181903695785307e+00 1.308280012322634320e+02 4.492477219535593452e-02 7.062464633106733913e+01 4.954824003676814859e-01
5.604443956000000071e+02 7.762953369653745501e-03 6.326458289826717395e-03 4.351703709326577155e+03 1.006326458289826808e+00 1.296021193914894525e+02 4.490090248035997350e-02 7.144440351313517112e+01 4.960093460059084580e-01
5.804241958000000068e+02 7.850363124940511889e-03 6.481382268533995329e-03 4.557540703531572035e+03 1.006481382268533897e+00 1.281801271545877512e+02 4.487942816996980111e-02 7.231273997850506419e+01 4.964841295488195971e-01
6.004039960000000065e+02 7.952130191784704399e-03 6.647890734131980950e-03 4.775490743859782924e+03 1.006647890734132078e+00 1.265619490392400195e+02 4.486010183142024460e-02 7.323461442568293478e+01 4.969120058511765636e-01
6.203837962000000061e+02 8.069394787652705778e-03 6.827429972473602823e-03 5.007121771400478792e+03 1.006827429972473542e+00 1.247462018384083251e+02 4.484270816736787152e-02 7.421588656094651526e+01 4.972975667194033389e-01
6.403635964000000058e+02 8.203610667807675547e-03 7.021732573565824323e-03 5.254293630702728478e+03 1.007021732573565753e+00 1.227301143879013807e+02 4.482705905447389311e-02 7.526351284449916079e+01 4.976448401886424122e-01
6.603433966000000055e+02 8.356612622362948745e-03 7.232890509262430469e-03 5.519233963121583656e+03 1.007232890509262457e+00 1.205094026689787228e+02 4.481298947548684186e-02 7.638580398815820161e+01 4.979573724519570366e-01
6.803231968000000052e+02 8.530709563444455190e-03 7.463453271171364110e-03 5.804639601174862946e+03 1.007463453271171261e+00 1.180780899902700440e+02 4.480035416394678727e-02 7.759276722748751354e+01 4.982382958471204826e-01
7.003029970000000048e+02 8.728813574823243021e-03 7.716561689474548888e-03 6.113814306703000511e+03 1.007716561689474544e+00 1.154282568745927904e+02 4.478902482160551646e-02 7.889656740624103293e+01 4.984903855568666997e-01
7.202827972000000045e+02 8.954620901678374267e-03 7.996133666376992535e-03 6.450859390926485503e+03 1.007996133666376970e+00 1.125496977573599509e+02 4.477888779959661447e-02 8.031215822240824309e+01 4.987161071068780260e-01
7.402625974000001179e+02 9.212870034299462316e-03 8.307127272923948286e-03 6.820943101099148407e+03 1.008307127272924042e+00 1.094294501432958810e+02 4.476984215800454414e-02 8.185816297030714850e+01 4.989176563053126512e-01
7.602423976000000039e+02 9.509717573347084216e-03 8.655922275190757256e-03 7.230690488460240886e+03 1.008655922275190742e+00 1.060511437915555746e+02 4.476179803673426688e-02 8.355813078278454498e+01 4.990969929238676106e-01
7.802221978000000036e+02 9.853299849183615178e-03 9.050888595474202922e-03 7.688763263912447655e+03 1.009050888595474094e+00 1.023940879656362597e+02 4.475467528492352298e-02 8.544237498579268220e+01 4.992558691473645838e-01
8.002019980000000032e+02 1.025459824026940699e-02 9.503260464997737716e-03 8.206750000550862751e+03 1.009503260464997831e+00 9.843196465804162187e+01 4.474840230767043042e-02 8.755074511412557570e+01 4.993958535965760670e-01
8.201817982000000029e+02 1.072882219799593286e-02 1.002853159469033195e-02 8.800584682920378327e+03 1.010028531594690415e+00 9.413090687989844696e+01 4.474291509858128318e-02 8.993695719378897024e+01 4.995183515381406147e-01
8.401615984000000026e+02 1.129771947387676716e-02 1.064878313935193992e-02 9.492910051447111982e+03 1.010648783139352025e+00 8.944657565083889494e+01 4.473815643532566555e-02 9.267565044418579134e+01 4.996246217215216112e-01
8.601413986000000023e+02 1.199364901536363950e-02 1.139678411664188720e-02 1.031723403839239290e+04 1.011396784116641800e+00 8.431952218902880247e+01 4.473407522446826851e-02 9.587449443304521424e+01 4.997157900953241860e-01
8.801211988000000019e+02 1.286726137110722444e-02 1.232371741617501945e-02 1.132574950321182223e+04 1.012323717416174995e+00 7.866742624789030458e+01 4.473062599294116981e-02 9.969633607155523691e+01 4.997928604190814417e-01
9.001009990000000016e+02 1.400329008945188324e-02 1.351505277474266721e-02 1.260537539880243821e+04 1.013515052774742742e+00 7.237118155090824700e+01 4.472776854084502263e-02 1.044031821042121777e+02 4.998567214084269628e-01
9.200807992000001150e+02 1.555700130919595268e-02 1.512715709900738781e-02 1.431469819772045958e+04 1.015127157099007471e+00 6.524755136940387956e+01 4.472546780363066687e-02 1.104536747768995468e+02 4.999081493127968678e-01
9.400605994000001147e+02 1.785333592248862511e-02 1.748679808388445625e-02 1.678421766858420960e+04 1.017486798083884425e+00 5.698801506123498939e+01 4.472369405038256057e-02 1.187554138805474508e+02 4.999478030715514554e-01
9.600403996000001143e+02 2.173545179023684756e-02 2.144067959237132628e-02 2.086791182218552058e+04 1.021440679592371392e+00 4.699197152831624180e+01 4.472242377567918481e-02 1.314965648488673082e+02 4.999762040396906748e-01
9.800201998000000003e+02 3.056071373061325716e-02 3.035535374020568652e-02 2.995111677630620761e+04 1.030355353740205704e+00 3.371390346407003591e+01 4.472164257127245884e-02 1.564623135003309073e+02 4.999936715119382979e-01
